KUYY_EMAIL=your_email@example.com
LOC_HOME=-6.229942, 106.888373
LOC_WORK=-6.225897, 106.808559
